eval_accuracy = 0.8602941176470589
eval_loss = 0.3933837048563303
global_step = 345
loss = 0.23846476282114568
