eval_accuracy = 0.648568608094768
eval_loss = 1.6811077243828358
global_step = 10998
loss = 0.14222452665762483
