eval_accuracy = 0.6474169134583745
eval_loss = 1.8618135419135031
global_step = 12219
loss = 0.12749774900434016
